333955
89278
26831
99065
35848
333657
35848
74159
264651
99065
89278
264651
248279
89278
248279
209393
179589
333657
35848
264651
28412
298233
179589
251299
298233
95874
75964
264651
322343
89278
35848
298233
299730
264651
306959
248279
11561
209393
299730
264651
251299
11561
264651
26831
89278
99065
264651
11561
251299
299730
248279
179589
74159
264651
35848
333657
26831
290982
89278
299730
264651
99065
298233
74393
99065
337056
264651
306959
99065
264651
159530
333657
11561
264651
35848
89278
89278
99065
11561
264651
251299
26831
264651
333657
264651
248279
251299
298233
125747
298233
264651
89278
95874
264651
125747
179589
333657
11561
11561
251299
125747
333657
179589
264651
322343
333657
99065
251299
26831
264651
179589
251299
99065
298233
35848
333657
99065
209393
35848
298233
264651
95874
35848
89278
299730
264651
217595
176998
264651
108628
333955
75964
264651
299730
333657
212687
251299
26831
162429
264651
251299
99065
264651
89278
25844
298233
35848
56320
264651
187235
212473
212473
212473
264651
74159
298233
333657
35848
11561
264651
89278
179589
290982
337056
264651
242959
251299
125747
159530
333657
35848
290982
264651
255998
125747
333955
179589
251299
26831
99065
89278
125747
212687
75964
264651
333657
264651
322343
333657
99065
251299
26831
264651
248279
35848
89278
95874
298233
11561
11561
89278
35848
264651
333657
99065
264651
272750
333657
299730
248279
290982
298233
26831
126161
67453
74159
290982
26831
298233
74159
264651
333955
89278
179589
179589
298233
162429
298233
264651
251299
26831
264651
168602
251299
35848
162429
251299
26831
251299
333657
75964
264651
179589
89278
89278
212687
298233
290982
264651
209393
248279
264651
89278
26831
298233
264651
56320
89278
95874
264651
99065
159530
298233
264651
299730
89278
35848
298233
264651
89278
28412
11561
125747
209393
35848
298233
264651
322343
333657
99065
251299
26831
264651
289251
89278
35848
290982
11561
75964
264651
125747
89278
26831
11561
298233
125747
99065
298233
99065
209393
35848
75964
264651
95874
35848
89278
299730
264651
333657
264651
322343
89278
35848
298233
299730
264651
306959
248279
11561
209393
299730
264651
248279
333657
11561
11561
333657
162429
298233
75964
264651
333657
26831
290982
264651
162429
89278
251299
26831
162429
264651
99065
159530
35848
89278
209393
162429
159530
264651
99065
159530
298233
264651
125747
251299
99065
298233
11561
264651
89278
95874
264651
99065
159530
298233
264651
289251
89278
35848
290982
264651
251299
26831
264651
125747
179589
333657
11561
11561
251299
125747
333657
179589
56320
264651
179589
251299
99065
298233
35848
333657
99065
209393
35848
298233
75964
264651
290982
251299
11561
125747
89278
25844
298233
35848
298233
290982
264651
99065
159530
298233
264651
209393
26831
290982
89278
209393
28412
99065
333657
28412
179589
298233
264651
11561
89278
209393
35848
125747
298233
337056
264651
322343
89278
35848
298233
299730
264651
306959
248279
11561
209393
299730
264651
125747
89278
299730
298233
11561
264651
95874
35848
89278
299730
264651
11561
298233
125747
99065
251299
89278
26831
11561
264651
36974
337056
36974
212473
337056
163538
187235
264651
333657
26831
290982
264651
36974
337056
36974
212473
337056
163538
163538
264651
89278
95874
264651
97851
290982
298233
264651
8775
251299
26831
251299
28412
209393
11561
264651
108628
89278
26831
89278
35848
209393
299730
264651
298233
99065
264651
255998
56320
264651
333657
179589
89278
35848
209393
299730
97851
264651
150207
246493
159530
298233
264651
73115
74393
99065
35848
298233
299730
298233
11561
264651
89278
95874
264651
97446
89278
89278
290982
264651
333657
26831
290982
264651
73115
25844
251299
179589
143603
264651
28412
74159
264651
333955
251299
125747
298233
35848
89278
75964
264651
289251
35848
251299
99065
99065
298233
26831
264651
251299
26831
264651
217595
176998
264651
108628
333955
337056
264651
246493
159530
251299
11561
264651
28412
89278
89278
212687
264651
251299
11561
264651
333657
264651
99065
35848
298233
333657
99065
251299
11561
298233
264651
89278
26831
264651
99065
159530
298233
264651
99065
159530
298233
89278
35848
74159
264651
89278
95874
264651
298233
99065
159530
251299
125747
11561
75964
264651
25844
298233
35848
74159
264651
248279
89278
248279
56320
264651
209393
179589
333657
35848
264651
290982
209393
35848
251299
26831
162429
264651
99065
159530
298233
264651
242959
298233
26831
333657
251299
11561
11561
333657
26831
125747
298233
337056
264651
246493
159530
298233
264651
95874
251299
35848
11561
99065
264651
179589
251299
26831
298233
264651
89278
95874
264651
322343
89278
35848
298233
299730
264651
306959
248279
11561
209393
299730
75964
264651
97851
322343
89278
35848
298233
299730
264651
251299
248279
11561
209393
299730
264651
290982
89278
179589
89278
35848
264651
11561
251299
99065
264651
333657
299730
298233
99065
337056
337056
97851
75964
264651
125747
89278
299730
298233
11561
264651
95874
35848
89278
299730
264651
333657
264651
179589
251299
26831
298233
264651
251299
26831
264651
11561
298233
125747
99065
251299
89278
26831
264651
36974
337056
36974
212473
337056
163538
187235
337056
56320
56320
246493
159530
298233
264651
11561
99065
333657
26831
290982
333657
35848
290982
264651
125747
159530
209393
26831
212687
264651
89278
95874
264651
322343
89278
35848
298233
299730
264651
306959
248279
11561
209393
299730
264651
209393
11561
298233
290982
264651
11561
251299
26831
125747
298233
264651
99065
159530
298233
264651
36974
176998
212473
212473
11561
264651
251299
11561
264651
35848
298233
248279
35848
89278
290982
209393
125747
298233
290982
264651
28412
298233
179589
89278
289251
264651
95874
89278
35848
264651
99065
159530
89278
11561
298233
264651
251299
26831
99065
298233
35848
298233
11561
99065
298233
290982
337056
264651
67453
298233
125747
99065
251299
89278
26831
11561
264651
36974
337056
36974
212473
337056
163538
187235
264651
333657
26831
290982
264651
36974
337056
36974
212473
337056
163538
163538
264651
95874
35848
89278
56320
299730
264651
97851
290982
298233
264651
8775
251299
26831
251299
28412
209393
11561
264651
108628
89278
26831
89278
35848
209393
299730
264651
298233
99065
264651
255998
333657
179589
89278
35848
209393
299730
97851
264651
28412
74159
264651
333955
251299
125747
298233
35848
89278
264651
333657
35848
298233
264651
333657
179589
11561
89278
264651
35848
298233
248279
35848
89278
290982
209393
125747
298233
290982
264651
251299
26831
264651
99065
159530
298233
251299
35848
264651
298233
74393
333657
125747
99065
264651
89278
35848
251299
162429
251299
26831
333657
179589
264651
95874
89278
35848
299730
75964
264651
333657
125747
125747
89278
299730
248279
333657
26831
251299
298233
290982
264651
28412
74159
264651
73115
26831
162429
179589
251299
11561
159530
264651
25844
298233
35848
11561
251299
89278
26831
11561
264651
95874
35848
89278
299730
56320
264651
99065
159530
298233
264651
36974
32141
36974
217595
264651
99065
35848
333657
26831
11561
179589
333657
99065
251299
89278
26831
264651
28412
74159
264651
272750
337056
264651
242959
333657
125747
212687
159530
333657
299730
337056
